Tour,Money,Bet,Win
1,19,1,False
2,17,2,False
3,13,4,False
4,29,8,True
5,31,1,True
6,30,1,False
7,28,2,False
8,24,4,False
9,40,8,True
10,39,1,False
11,37,2,False
12,33,4,False
13,25,8,False
14,9,16,False
15,73,32,True
16,75,1,True
17,74,1,False
18,72,2,False
19,68,4,False
20,84,8,True
21,83,1,False
22,81,2,False
23,77,4,False
24,69,8,False
25,53,16,False
26,21,32,False
27,-43,64,False
TOUR,MONEY MAX,WIN,LOOSE
28,84,6,22
